canvas 200 70 360 360
layer 1
shape R rectangle 1
motion R 1 200 200 50 100 255 0 0 0      10 200 200 50 100 255 0 0 90
motion R 10 200 200 50 100 255 0 0 90      50 300 300 50 100 255 0 0 90
motion R 50 300 300 50 100 255 0 0 90      51 300 300 50 100 255 0 0 90
motion R 51 300 300 50 100 255 0 0 90      70 300 300 50 100 255 120 10 -20
motion R 70 300 300 50 100 255 120 10 -20      100 200 200 25 50 255 0 120 180
shape C oval 1
motion C 6 440 70 120 60 0 0 255 0      20 440 70 120 60 0 0 255 0
motion C 20 440 70 120 60 0 0 255 0      50 440 250 120 60 0 0 255 0
motion C 50 440 250 120 60 0 0 255 0      70 440 370 120 60 0 170 85 0
motion C 70 440 370 120 60 0 170 85 0      80 440 370 120 60 0 255 0 -20
motion C 80 440 370 120 60 0 255 0 -20      100 440 370 120 60 0 255 0 -1080
shape augustin oval 0
motion augustin 10 200 235 25 25 255 100 100 0      100 450 350 100 100 255 120 0 0
motion augustin 100 450 350 100 100 255 120 0 0      100 450 350 100 100 255 120 0 0
